voltage,current,res,timestamp,statucode
+0.000000E+00,-2.925396E-11,0,+9.269215E+03,+2.150800E+04
+0.000000E+00,-2.151435E-11,0,+9.269306E+03,+2.150800E+04
+0.000000E+00,-2.824445E-11,0,+9.269394E+03,+2.150800E+04
+0.000000E+00,-2.908571E-11,0,+9.269477E+03,+2.150800E+04
+0.000000E+00,-5.020350E-11,0,+9.269557E+03,+2.150800E+04
+0.000000E+00,-2.887540E-11,0,+9.269640E+03,+2.150800E+04
+0.000000E+00,-2.496353E-11,0,+9.269728E+03,+2.150800E+04
+0.000000E+00,-2.601510E-11,0,+9.269815E+03,+2.150800E+04
+0.000000E+00,-2.799207E-11,0,+9.269896E+03,+2.150800E+04
+0.000000E+00,-2.921190E-11,0,+9.269979E+03,+2.150800E+04
+0.000000E+00,-2.483734E-11,0,+9.270060E+03,+2.150800E+04
+0.000000E+00,-3.047379E-11,0,+9.270142E+03,+2.150800E+04
+0.000000E+00,-2.904364E-11,0,+9.270230E+03,+2.150800E+04
+0.000000E+00,-3.358665E-11,0,+9.270312E+03,+2.150800E+04
+0.000000E+00,-3.059998E-11,0,+9.270394E+03,+2.150800E+04
+0.000000E+00,-2.803413E-11,0,+9.270476E+03,+2.150800E+04
+0.000000E+00,-2.845476E-11,0,+9.270558E+03,+2.150800E+04
+0.000000E+00,-2.984285E-11,0,+9.270646E+03,+2.150800E+04
+0.000000E+00,-3.068411E-11,0,+9.270729E+03,+2.150800E+04
+0.000000E+00,-2.929603E-11,0,+9.270811E+03,+2.150800E+04
+0.000000E+00,-3.085236E-11,0,+9.270892E+03,+2.150800E+04
+0.000000E+00,-3.186187E-11,0,+9.270974E+03,+2.150800E+04
+0.000000E+00,-3.590039E-11,0,+9.271062E+03,+2.150800E+04
+0.000000E+00,-3.089442E-11,0,+9.271146E+03,+2.150800E+04
+0.000000E+00,-2.412226E-11,0,+9.271227E+03,+2.150800E+04
+0.000000E+00,-3.547971E-11,0,+9.271310E+03,+2.150800E+04
+0.000000E+00,-2.891746E-11,0,+9.271397E+03,+2.150800E+04
+0.000000E+00,-2.719287E-11,0,+9.271485E+03,+2.150800E+04
+0.000000E+00,-2.929602E-11,0,+9.271567E+03,+2.150800E+04
+0.000000E+00,-3.329218E-11,0,+9.271648E+03,+2.150800E+04
+0.000000E+00,-3.535350E-11,0,+9.271731E+03,+2.150800E+04
+0.000000E+00,-3.022141E-11,0,+9.271813E+03,+2.150800E+04
+0.000000E+00,-3.569005E-11,0,+9.271899E+03,+2.150800E+04
+0.000000E+00,-2.778176E-11,0,+9.271983E+03,+2.150800E+04
+0.000000E+00,-3.240875E-11,0,+9.272065E+03,+2.150800E+04
+0.000000E+00,-2.824444E-11,0,+9.272147E+03,+2.150800E+04
+0.000000E+00,-2.820239E-11,0,+9.272229E+03,+2.150800E+04
+0.000000E+00,-3.076824E-11,0,+9.272316E+03,+2.150800E+04
+0.000000E+00,-2.302862E-11,0,+9.272404E+03,+2.150800E+04
+0.000000E+00,-3.228254E-11,0,+9.272486E+03,+2.150800E+04
+1.000000E-04,-2.664605E-11,-3752901.4619427645,+9.272571E+03,+2.150800E+04
+1.000000E-04,-3.203014E-11,-3122059.4102929304,+9.272654E+03,+2.150800E+04
+1.000000E-04,-2.954841E-11,-3384276.85279851,+9.272736E+03,+2.150800E+04
+1.000000E-04,-2.837064E-11,-3524770.678419662,+9.272824E+03,+2.150800E+04
+1.000000E-04,-3.139918E-11,-3184796.545642275,+9.272909E+03,+2.150800E+04
+1.000000E-04,-3.257702E-11,-3069648.482273701,+9.272991E+03,+2.150800E+04
+1.000000E-04,-2.546827E-11,-3926454.3685142337,+9.273075E+03,+2.150800E+04
+1.000000E-04,-2.984285E-11,-3350886.3932231674,+9.273157E+03,+2.150800E+04
+1.000000E-04,-3.442801E-11,-2904611.68101206,+9.273247E+03,+2.150800E+04
+1.000000E-04,-2.126197E-11,-4703233.049430509,+9.273337E+03,+2.150800E+04
+1.000000E-04,-3.350252E-11,-2984850.094858536,+9.273420E+03,+2.150800E+04
+1.000000E-04,-3.022141E-11,-3308912.4564340315,+9.273502E+03,+2.150800E+04
+1.000000E-04,-3.758311E-11,-2660769.6914917366,+9.273586E+03,+2.150800E+04
+1.000000E-04,-2.256593E-11,-4431459.283973672,+9.273668E+03,+2.150800E+04
+1.000000E-04,-2.942221E-11,-3398792.9526707884,+9.273757E+03,+2.150800E+04
+1.000000E-04,-2.395401E-11,-4174666.371100288,+9.273841E+03,+2.150800E+04
+1.000000E-04,-4.347260E-11,-2300299.498994769,+9.273924E+03,+2.150800E+04
+1.000000E-04,-2.408020E-11,-4152789.4286592305,+9.274007E+03,+2.150800E+04
+1.000000E-04,-3.009522E-11,-3322786.8080047267,+9.274090E+03,+2.150800E+04
+1.000000E-04,-2.630954E-11,-3800902.6383585576,+9.274181E+03,+2.150800E+04
+1.000000E-04,-2.853889E-11,-3503990.51960325,+9.274265E+03,+2.150800E+04
+1.000000E-04,-2.761350E-11,-3621417.0604957724,+9.274348E+03,+2.150800E+04
+1.000000E-04,-3.602659E-11,-2775727.5945350365,+9.274431E+03,+2.150800E+04
+1.000000E-04,-2.466908E-11,-4053657.4529735204,+9.274514E+03,+2.150800E+04
+1.000000E-04,-2.344925E-11,-4264528.716270244,+9.274604E+03,+2.150800E+04
+1.000000E-04,-3.043173E-11,-3286043.87591504,+9.274693E+03,+2.150800E+04
+1.000000E-04,-2.525796E-11,-3959147.9280195236,+9.274776E+03,+2.150800E+04
+1.000000E-04,-3.543764E-11,-2821858.340453823,+9.274859E+03,+2.150800E+04
+1.000000E-04,-2.323895E-11,-4303120.40776369,+9.274942E+03,+2.150800E+04
+1.000000E-04,-3.152537E-11,-3172048.416878216,+9.275025E+03,+2.150800E+04
+1.000000E-04,-2.286037E-11,-4374382.391886046,+9.275113E+03,+2.150800E+04
+1.000000E-04,-2.996903E-11,-3336778.0004891716,+9.275196E+03,+2.150800E+04
+1.000000E-04,-2.500559E-11,-3999105.799943133,+9.275279E+03,+2.150800E+04
+1.000000E-04,-3.312390E-11,-3018968.1770564457,+9.275362E+03,+2.150800E+04
+1.000000E-04,-2.614129E-11,-3825365.924940965,+9.275445E+03,+2.150800E+04
+1.000000E-04,-2.959047E-11,-3379466.4295633025,+9.275535E+03,+2.150800E+04
+1.000000E-04,-3.526937E-11,-2835321.4134530895,+9.275625E+03,+2.150800E+04
+1.000000E-04,-2.025246E-11,-4937671.769256674,+9.275708E+03,+2.150800E+04
+1.000000E-04,-3.564798E-11,-2805208.0370332347,+9.275791E+03,+2.150800E+04
+1.000000E-04,-2.302861E-11,-4342424.488494963,+9.275874E+03,+2.150800E+04
+0.000000E+00,-2.353337E-11,0,+9.275956E+03,+2.150800E+04
+0.000000E+00,-2.731906E-11,0,+9.276044E+03,+2.150800E+04
+0.000000E+00,-2.408020E-11,0,+9.276125E+03,+2.150800E+04
+0.000000E+00,-3.316597E-11,0,+9.276207E+03,+2.150800E+04
+0.000000E+00,-2.710874E-11,0,+9.276290E+03,+2.150800E+04
+0.000000E+00,-3.447008E-11,0,+9.276373E+03,+2.150800E+04
+0.000000E+00,-2.399608E-11,0,+9.276460E+03,+2.150800E+04
+0.000000E+00,-3.678382E-11,0,+9.276546E+03,+2.150800E+04
+0.000000E+00,-2.567859E-11,0,+9.276629E+03,+2.150800E+04
+0.000000E+00,-3.085236E-11,0,+9.276710E+03,+2.150800E+04
+0.000000E+00,-3.329217E-11,0,+9.276792E+03,+2.150800E+04
+0.000000E+00,-3.627900E-11,0,+9.276880E+03,+2.150800E+04
+0.000000E+00,-2.256592E-11,0,+9.276963E+03,+2.150800E+04
+0.000000E+00,-1.840169E-11,0,+9.277045E+03,+2.150800E+04
+0.000000E+00,-3.131505E-11,0,+9.277128E+03,+2.150800E+04
+0.000000E+00,-2.929602E-11,0,+9.277210E+03,+2.150800E+04
+0.000000E+00,-4.052787E-11,0,+9.277300E+03,+2.150800E+04
+0.000000E+00,-1.798105E-11,0,+9.277383E+03,+2.150800E+04
+0.000000E+00,-2.694049E-11,0,+9.277464E+03,+2.150800E+04
+0.000000E+00,-3.169362E-11,0,+9.277547E+03,+2.150800E+04
+0.000000E+00,-2.567860E-11,0,+9.277628E+03,+2.150800E+04
+0.000000E+00,-3.447008E-11,0,+9.277715E+03,+2.150800E+04
+0.000000E+00,-2.736112E-11,0,+9.277803E+03,+2.150800E+04
+0.000000E+00,-4.515532E-11,0,+9.277885E+03,+2.150800E+04
+0.000000E+00,-1.659296E-11,0,+9.277967E+03,+2.150800E+04
+0.000000E+00,-3.947616E-11,0,+9.278049E+03,+2.150800E+04
+0.000000E+00,-3.510110E-11,0,+9.278132E+03,+2.150800E+04
+0.000000E+00,-2.673018E-11,0,+9.278218E+03,+2.150800E+04
+0.000000E+00,-3.960237E-11,0,+9.278301E+03,+2.150800E+04
+0.000000E+00,-2.479528E-11,0,+9.278383E+03,+2.150800E+04
+0.000000E+00,-3.522730E-11,0,+9.278465E+03,+2.150800E+04
+0.000000E+00,-2.879127E-11,0,+9.278547E+03,+2.150800E+04
+0.000000E+00,-3.362872E-11,0,+9.278636E+03,+2.150800E+04
+0.000000E+00,-2.912777E-11,0,+9.278718E+03,+2.150800E+04
+0.000000E+00,-2.290244E-11,0,+9.278800E+03,+2.150800E+04
+0.000000E+00,-2.832857E-11,0,+9.278883E+03,+2.150800E+04
+0.000000E+00,-2.761350E-11,0,+9.278964E+03,+2.150800E+04
+0.000000E+00,-3.531144E-11,0,+9.279053E+03,+2.150800E+04
+0.000000E+00,-2.378575E-11,0,+9.279135E+03,+2.150800E+04
+0.000000E+00,-2.189291E-11,0,+9.279217E+03,+2.150800E+04
+1.000000E-04,-4.019132E-11,-2488099.4204718834,+9.279301E+03,+2.150800E+04
+1.000000E-04,-2.357544E-11,-4241702.381800721,+9.279384E+03,+2.150800E+04
+1.000000E-04,-2.580479E-11,-3875249.5176283163,+9.279474E+03,+2.150800E+04
+1.000000E-04,-4.401950E-11,-2271720.4875112167,+9.279563E+03,+2.150800E+04
+1.000000E-04,-1.781280E-11,-5613940.537141832,+9.279646E+03,+2.150800E+04
+1.000000E-04,-3.043173E-11,-3286043.87591504,+9.279730E+03,+2.150800E+04
+1.000000E-04,-2.828651E-11,-3535254.0840139,+9.279813E+03,+2.150800E+04
+1.000000E-04,-3.901342E-11,-2563220.5533378003,+9.279896E+03,+2.150800E+04
+1.000000E-04,-2.201910E-11,-4541511.687580328,+9.279984E+03,+2.150800E+04
+1.000000E-04,-3.367079E-11,-2969933.2863885877,+9.280068E+03,+2.150800E+04
+1.000000E-04,-1.844373E-11,-5421896.763832479,+9.280151E+03,+2.150800E+04
+1.000000E-04,-3.127299E-11,-3197647.5546469977,+9.280234E+03,+2.150800E+04
+1.000000E-04,-3.371286E-11,-2966227.131130376,+9.280317E+03,+2.150800E+04
+1.000000E-04,-3.181981E-11,-3142696.326596545,+9.280407E+03,+2.150800E+04
+1.000000E-04,-2.757143E-11,-3626942.8172568493,+9.280491E+03,+2.150800E+04
+1.000000E-04,-3.026348E-11,-3304312.656707028,+9.280575E+03,+2.150800E+04
+1.000000E-04,-2.479528E-11,-4033025.6403638115,+9.280658E+03,+2.150800E+04
+1.000000E-04,-3.695209E-11,-2706206.8749020696,+9.280741E+03,+2.150800E+04
+1.000000E-04,-3.417560E-11,-2926064.2095530145,+9.280830E+03,+2.150800E+04
+1.000000E-04,-2.593098E-11,-3856391.0812472184,+9.280921E+03,+2.150800E+04
+1.000000E-04,-3.022142E-11,-3308911.3615442296,+9.281005E+03,+2.150800E+04
+1.000000E-04,-2.487940E-11,-4019389.5351174064,+9.281088E+03,+2.150800E+04
+1.000000E-04,-3.871894E-11,-2582715.332599498,+9.281172E+03,+2.150800E+04
+1.000000E-04,-3.362872E-11,-2973648.7145511336,+9.281261E+03,+2.150800E+04
+1.000000E-04,-2.769763E-11,-3610417.2089814185,+9.281351E+03,+2.150800E+04
+1.000000E-04,-3.552178E-11,-2815174.2395792105,+9.281434E+03,+2.150800E+04
+1.000000E-04,-2.088341E-11,-4788490.002351149,+9.281518E+03,+2.150800E+04
+1.000000E-04,-3.236668E-11,-3089597.0794656724,+9.281602E+03,+2.150800E+04
+1.000000E-04,-2.593098E-11,-3856391.0812472184,+9.281685E+03,+2.150800E+04
+1.000000E-04,-2.967459E-11,-3369886.492113286,+9.281772E+03,+2.150800E+04
+1.000000E-04,-2.635160E-11,-3794835.9871886335,+9.281856E+03,+2.150800E+04
+1.000000E-04,-3.203014E-11,-3122059.4102929304,+9.281939E+03,+2.150800E+04
+1.000000E-04,-1.831755E-11,-5459245.3685127115,+9.282022E+03,+2.150800E+04
+1.000000E-04,-4.044371E-11,-2472572.3728114953,+9.282105E+03,+2.150800E+04
+1.000000E-04,-3.707829E-11,-2696996.0049398183,+9.282194E+03,+2.150800E+04
+1.000000E-04,-2.290242E-11,-4366350.804849444,+9.282284E+03,+2.150800E+04
+1.000000E-04,-3.198807E-11,-3126165.473565614,+9.282368E+03,+2.150800E+04
+1.000000E-04,-2.227148E-11,-4490047.361019565,+9.282451E+03,+2.150800E+04
+1.000000E-04,-4.027546E-11,-2482901.498828319,+9.282534E+03,+2.150800E+04
+1.000000E-04,-3.068411E-11,-3259015.8228477216,+9.282623E+03,+2.150800E+04
+0.000000E+00,-2.458496E-11,0,+9.282714E+03,+2.150800E+04
+0.000000E+00,-3.703622E-11,0,+9.282795E+03,+2.150800E+04
+0.000000E+00,-2.096753E-11,0,+9.282879E+03,+2.150800E+04
+0.000000E+00,-2.752937E-11,0,+9.282961E+03,+2.150800E+04
+0.000000E+00,-3.741484E-11,0,+9.283043E+03,+2.150800E+04
+0.000000E+00,-2.765556E-11,0,+9.283131E+03,+2.150800E+04
+0.000000E+00,-3.977065E-11,0,+9.283213E+03,+2.150800E+04
+0.000000E+00,-2.841270E-11,0,+9.283296E+03,+2.150800E+04
+0.000000E+00,-2.403814E-11,0,+9.283378E+03,+2.150800E+04
+0.000000E+00,-3.219841E-11,0,+9.283460E+03,+2.150800E+04
+0.000000E+00,-3.417560E-11,0,+9.283546E+03,+2.150800E+04
+0.000000E+00,-4.237885E-11,0,+9.283628E+03,+2.150800E+04
+0.000000E+00,-2.126197E-11,0,+9.283710E+03,+2.150800E+04
+0.000000E+00,-3.669968E-11,0,+9.283792E+03,+2.150800E+04
+0.000000E+00,-3.783552E-11,0,+9.283874E+03,+2.150800E+04
+0.000000E+00,-3.674175E-11,0,+9.283962E+03,+2.150800E+04
+0.000000E+00,-2.138816E-11,0,+9.284051E+03,+2.150800E+04
+0.000000E+00,-3.211427E-11,0,+9.284133E+03,+2.150800E+04
+0.000000E+00,-3.665761E-11,0,+9.284216E+03,+2.150800E+04
+0.000000E+00,-2.643573E-11,0,+9.284298E+03,+2.150800E+04
