voltage,current,res,timestamp,statucode
+0.000000E+00,-2.276457E-10,0,+3.974491E+03,+2.150800E+04
+0.000000E+00,-2.351757E-10,0,+3.974583E+03,+2.150800E+04
+0.000000E+00,-2.278558E-10,0,+3.974669E+03,+2.150800E+04
+0.000000E+00,-2.276454E-10,0,+3.974750E+03,+2.150800E+04
+0.000000E+00,-2.300433E-10,0,+3.974833E+03,+2.150800E+04
+0.000000E+00,-2.431686E-10,0,+3.974921E+03,+2.150800E+04
+0.000000E+00,-2.260890E-10,0,+3.975004E+03,+2.150800E+04
+0.000000E+00,-2.398033E-10,0,+3.975087E+03,+2.150800E+04
+0.000000E+00,-2.310109E-10,0,+3.975169E+03,+2.150800E+04
+0.000000E+00,-2.269726E-10,0,+3.975250E+03,+2.150800E+04
+1.000000E-05,-1.988291E-10,-50294.448850796995,+3.975340E+03,+2.150800E+04
+1.000000E-05,-1.927715E-10,-51874.88814477244,+3.975428E+03,+2.150800E+04
+1.000000E-05,-2.296228E-10,-43549.68234861695,+3.975511E+03,+2.150800E+04
+1.000000E-05,-1.992077E-10,-50198.862794962246,+3.975594E+03,+2.150800E+04
+1.000000E-05,-1.918037E-10,-52136.637614394305,+3.975677E+03,+2.150800E+04
+1.000000E-05,-2.089674E-10,-47854.35431555353,+3.975766E+03,+2.150800E+04
+1.000000E-05,-2.026572E-10,-49344.41016652752,+3.975856E+03,+2.150800E+04
+1.000000E-05,-2.017318E-10,-49570.76673087734,+3.975939E+03,+2.150800E+04
+1.000000E-05,-1.970622E-10,-50745.39916838441,+3.976021E+03,+2.150800E+04
+1.000000E-05,-1.888591E-10,-52949.52692245172,+3.976104E+03,+2.150800E+04
+0.000000E+00,-2.236911E-10,0,+3.976187E+03,+2.150800E+04
+0.000000E+00,-2.375735E-10,0,+3.976274E+03,+2.150800E+04
+0.000000E+00,-2.333668E-10,0,+3.976356E+03,+2.150800E+04
+0.000000E+00,-2.424955E-10,0,+3.976438E+03,+2.150800E+04
+0.000000E+00,-2.323992E-10,0,+3.976521E+03,+2.150800E+04
+0.000000E+00,-2.349231E-10,0,+3.976604E+03,+2.150800E+04
+0.000000E+00,-2.196528E-10,0,+3.976691E+03,+2.150800E+04
+0.000000E+00,-2.395508E-10,0,+3.976773E+03,+2.150800E+04
+0.000000E+00,-2.371109E-10,0,+3.976856E+03,+2.150800E+04
+0.000000E+00,-2.265937E-10,0,+3.976942E+03,+2.150800E+04
+1.000000E-05,-1.908362E-10,-52400.95956637159,+3.977032E+03,+2.150800E+04
+1.000000E-05,-1.943279E-10,-51459.4147314925,+3.977122E+03,+2.150800E+04
+1.000000E-05,-1.957161E-10,-51094.41686197508,+3.977204E+03,+2.150800E+04
+1.000000E-05,-2.030780E-10,-49242.163109741094,+3.977287E+03,+2.150800E+04
+1.000000E-05,-2.190637E-10,-45648.82269403831,+3.977371E+03,+2.150800E+04
+1.000000E-05,-1.860825E-10,-53739.60474520711,+3.977461E+03,+2.150800E+04
+1.000000E-05,-1.979878E-10,-50508.1626241617,+3.977551E+03,+2.150800E+04
+1.000000E-05,-1.958423E-10,-51061.491822757394,+3.977634E+03,+2.150800E+04
+1.000000E-05,-1.845681E-10,-54180.54365841118,+3.977718E+03,+2.150800E+04
+1.000000E-05,-1.847364E-10,-54131.183675767206,+3.977800E+03,+2.150800E+04
+0.000000E+00,-2.249531E-10,0,+3.977884E+03,+2.150800E+04
+0.000000E+00,-2.405181E-10,0,+3.977972E+03,+2.150800E+04
+0.000000E+00,-2.335350E-10,0,+3.978055E+03,+2.150800E+04
+0.000000E+00,-2.279399E-10,0,+3.978136E+03,+2.150800E+04
+0.000000E+00,-2.357644E-10,0,+3.978219E+03,+2.150800E+04
+0.000000E+00,-2.227655E-10,0,+3.978308E+03,+2.150800E+04
+0.000000E+00,-2.334510E-10,0,+3.978395E+03,+2.150800E+04
+0.000000E+00,-2.255842E-10,0,+3.978477E+03,+2.150800E+04
+0.000000E+00,-2.350495E-10,0,+3.978559E+03,+2.150800E+04
+0.000000E+00,-2.096404E-10,0,+3.978641E+03,+2.150800E+04
+1.000000E-05,-2.105661E-10,-47491.02538347816,+3.978729E+03,+2.150800E+04
+1.000000E-05,-1.783421E-10,-56072.00991801712,+3.978813E+03,+2.150800E+04
+1.000000E-05,-2.000493E-10,-49987.678037363796,+3.978896E+03,+2.150800E+04
+1.000000E-05,-2.043398E-10,-48938.092334435096,+3.978979E+03,+2.150800E+04
+1.000000E-05,-2.092618E-10,-47787.030408798935,+3.979062E+03,+2.150800E+04
+1.000000E-05,-1.972307E-10,-50702.04587825324,+3.979151E+03,+2.150800E+04
+1.000000E-05,-1.895322E-10,-52761.48327302696,+3.979236E+03,+2.150800E+04
+1.000000E-05,-1.997124E-10,-50072.0035410921,+3.979318E+03,+2.150800E+04
+1.000000E-05,-2.085890E-10,-47941.16660034806,+3.979402E+03,+2.150800E+04
+1.000000E-05,-1.936549E-10,-51638.249277451796,+3.979485E+03,+2.150800E+04
+0.000000E+00,-2.293287E-10,0,+3.979574E+03,+2.150800E+04
+0.000000E+00,-2.358069E-10,0,+3.979662E+03,+2.150800E+04
+0.000000E+00,-2.303376E-10,0,+3.979745E+03,+2.150800E+04
+0.000000E+00,-2.341242E-10,0,+3.979828E+03,+2.150800E+04
+0.000000E+00,-2.371525E-10,0,+3.979910E+03,+2.150800E+04
+0.000000E+00,-2.406866E-10,0,+3.979999E+03,+2.150800E+04
+0.000000E+00,-2.323151E-10,0,+3.980087E+03,+2.150800E+04
+0.000000E+00,-2.343346E-10,0,+3.980169E+03,+2.150800E+04
+0.000000E+00,-2.524656E-10,0,+3.980252E+03,+2.150800E+04
+0.000000E+00,-2.248690E-10,0,+3.980334E+03,+2.150800E+04
+1.000000E-05,-1.944539E-10,-51426.07065222143,+3.980426E+03,+2.150800E+04
+1.000000E-05,-1.811186E-10,-55212.44090888512,+3.980517E+03,+2.150800E+04
+1.000000E-05,-2.026573E-10,-49344.38581783139,+3.980599E+03,+2.150800E+04
+1.000000E-05,-1.988291E-10,-50294.448850796995,+3.980682E+03,+2.150800E+04
+1.000000E-05,-1.939910E-10,-51548.78319097278,+3.980765E+03,+2.150800E+04
+1.000000E-05,-2.050973E-10,-48757.34590362721,+3.980847E+03,+2.150800E+04
+1.000000E-05,-2.095982E-10,-47710.33339026767,+3.980934E+03,+2.150800E+04
+1.000000E-05,-1.988290E-10,-50294.47414612557,+3.981018E+03,+2.150800E+04
+1.000000E-05,-2.028256E-10,-49303.44098575328,+3.981100E+03,+2.150800E+04
+1.000000E-05,-2.043399E-10,-48938.068385078004,+3.981184E+03,+2.150800E+04
+0.000000E+00,-2.297488E-10,0,+3.981267E+03,+2.150800E+04
+0.000000E+00,-2.196527E-10,0,+3.981354E+03,+2.150800E+04
+0.000000E+00,-2.424532E-10,0,+3.981441E+03,+2.150800E+04
+0.000000E+00,-2.241959E-10,0,+3.981524E+03,+2.150800E+04
+0.000000E+00,-2.329040E-10,0,+3.981607E+03,+2.150800E+04
+0.000000E+00,-2.429162E-10,0,+3.981688E+03,+2.150800E+04
+0.000000E+00,-2.274349E-10,0,+3.981776E+03,+2.150800E+04
+0.000000E+00,-2.247430E-10,0,+3.981865E+03,+2.150800E+04
+0.000000E+00,-2.371531E-10,0,+3.981947E+03,+2.150800E+04
+0.000000E+00,-2.360591E-10,0,+3.982030E+03,+2.150800E+04
+1.000000E-05,-1.869657E-10,-53485.74631603551,+3.982114E+03,+2.150800E+04
+1.000000E-05,-1.984924E-10,-50379.762650862205,+3.982203E+03,+2.150800E+04
+1.000000E-05,-2.056860E-10,-48617.7960580691,+3.982293E+03,+2.150800E+04
+1.000000E-05,-1.949589E-10,-51292.862239169386,+3.982376E+03,+2.150800E+04
+1.000000E-05,-2.082941E-10,-48009.041062612916,+3.982459E+03,+2.150800E+04
+1.000000E-05,-1.909204E-10,-52377.84961690841,+3.982542E+03,+2.150800E+04
+1.000000E-05,-2.072428E-10,-48252.58103055933,+3.982624E+03,+2.150800E+04
+1.000000E-05,-1.978614E-10,-50540.42880521416,+3.982713E+03,+2.150800E+04
+1.000000E-05,-1.899951E-10,-52632.936323094655,+3.982802E+03,+2.150800E+04
+1.000000E-05,-2.005538E-10,-49861.93230943518,+3.982885E+03,+2.150800E+04
+0.000000E+00,-2.365639E-10,0,+3.982968E+03,+2.150800E+04
+0.000000E+00,-2.605427E-10,0,+3.983050E+03,+2.150800E+04
+0.000000E+00,-2.409810E-10,0,+3.983137E+03,+2.150800E+04
+0.000000E+00,-2.348390E-10,0,+3.983225E+03,+2.150800E+04
+0.000000E+00,-2.304641E-10,0,+3.983307E+03,+2.150800E+04
+0.000000E+00,-2.351756E-10,0,+3.983390E+03,+2.150800E+04
+0.000000E+00,-2.342080E-10,0,+3.983472E+03,+2.150800E+04
+0.000000E+00,-2.262151E-10,0,+3.983554E+03,+2.150800E+04
+0.000000E+00,-2.266357E-10,0,+3.983643E+03,+2.150800E+04
+0.000000E+00,-2.220929E-10,0,+3.983725E+03,+2.150800E+04
+1.000000E-05,-2.126275E-10,-47030.60516631198,+3.983809E+03,+2.150800E+04
+1.000000E-05,-1.886486E-10,-53008.609658380716,+3.983892E+03,+2.150800E+04
+1.000000E-05,-1.894901E-10,-52773.205565884455,+3.983982E+03,+2.150800E+04
+1.000000E-05,-2.056441E-10,-48627.70193747353,+3.984071E+03,+2.150800E+04
+1.000000E-05,-1.906679E-10,-52447.21319110349,+3.984153E+03,+2.150800E+04
+1.000000E-05,-2.025310E-10,-49375.15738331416,+3.984237E+03,+2.150800E+04
+1.000000E-05,-1.888169E-10,-52961.360979869925,+3.984319E+03,+2.150800E+04
+1.000000E-05,-1.781318E-10,-56138.2077764891,+3.984410E+03,+2.150800E+04
+1.000000E-05,-1.979456E-10,-50518.930453619585,+3.984498E+03,+2.150800E+04
+1.000000E-05,-1.918457E-10,-52125.223552052514,+3.984581E+03,+2.150800E+04
+0.000000E+00,-2.376997E-10,0,+3.984663E+03,+2.150800E+04
+0.000000E+00,-2.341240E-10,0,+3.984746E+03,+2.150800E+04
+0.000000E+00,-2.331144E-10,0,+3.984835E+03,+2.150800E+04
+0.000000E+00,-2.255002E-10,0,+3.984921E+03,+2.150800E+04
+0.000000E+00,-2.356806E-10,0,+3.985002E+03,+2.150800E+04
+0.000000E+00,-2.333247E-10,0,+3.985084E+03,+2.150800E+04
+0.000000E+00,-2.311793E-10,0,+3.985165E+03,+2.150800E+04
+0.000000E+00,-2.351757E-10,0,+3.985254E+03,+2.150800E+04
+0.000000E+00,-2.244065E-10,0,+3.985339E+03,+2.150800E+04
+0.000000E+00,-2.373212E-10,0,+3.985421E+03,+2.150800E+04
+1.000000E-05,-1.976934E-10,-50583.37809962296,+3.985504E+03,+2.150800E+04
+1.000000E-05,-2.008904E-10,-49778.3866227555,+3.985587E+03,+2.150800E+04
+1.000000E-05,-1.859143E-10,-53788.223928982334,+3.985676E+03,+2.150800E+04
+1.000000E-05,-1.894480E-10,-52784.93306870487,+3.985767E+03,+2.150800E+04
+1.000000E-05,-2.018580E-10,-49539.775485737504,+3.985851E+03,+2.150800E+04
+1.000000E-05,-2.387936E-10,-41877.16923736649,+3.985932E+03,+2.150800E+04
+1.000000E-05,-1.971884E-10,-50712.922261147214,+3.986015E+03,+2.150800E+04
+1.000000E-05,-1.969780E-10,-50767.09074109799,+3.986098E+03,+2.150800E+04
+1.000000E-05,-1.989554E-10,-50262.52114795578,+3.986186E+03,+2.150800E+04
+1.000000E-05,-1.868819E-10,-53509.729941743964,+3.986270E+03,+2.150800E+04
+0.000000E+00,-2.383307E-10,0,+3.986353E+03,+2.150800E+04
+0.000000E+00,-2.338716E-10,0,+3.986435E+03,+2.150800E+04
+0.000000E+00,-2.244063E-10,0,+3.986516E+03,+2.150800E+04
+0.000000E+00,-2.267203E-10,0,+3.986604E+03,+2.150800E+04
+0.000000E+00,-2.342921E-10,0,+3.986690E+03,+2.150800E+04
+0.000000E+00,-2.327776E-10,0,+3.986772E+03,+2.150800E+04
+0.000000E+00,-2.324416E-10,0,+3.986855E+03,+2.150800E+04
+0.000000E+00,-2.296649E-10,0,+3.986938E+03,+2.150800E+04
+0.000000E+00,-2.241962E-10,0,+3.987025E+03,+2.150800E+04
+0.000000E+00,-2.416543E-10,0,+3.987109E+03,+2.150800E+04
+1.000000E-05,-1.962209E-10,-50962.97081503551,+3.987192E+03,+2.150800E+04
+1.000000E-05,-2.104819E-10,-47510.02342719256,+3.987276E+03,+2.150800E+04
+1.000000E-05,-1.976093E-10,-50604.90574077232,+3.987359E+03,+2.150800E+04
+1.000000E-05,-2.064435E-10,-48439.40351718509,+3.987449E+03,+2.150800E+04
+1.000000E-05,-2.048028E-10,-48827.45743710536,+3.987539E+03,+2.150800E+04
+1.000000E-05,-1.966416E-10,-50853.939349557775,+3.987623E+03,+2.150800E+04
+1.000000E-05,-1.986607E-10,-50337.08227143064,+3.987706E+03,+2.150800E+04
+1.000000E-05,-1.624825E-10,-61545.08947117382,+3.987789E+03,+2.150800E+04
+1.000000E-05,-1.998808E-10,-50029.817771391754,+3.987872E+03,+2.150800E+04
+1.000000E-05,-1.944962E-10,-51414.886254847144,+3.987960E+03,+2.150800E+04
+0.000000E+00,-2.419064E-10,0,+3.988044E+03,+2.150800E+04
+0.000000E+00,-2.249533E-10,0,+3.988126E+03,+2.150800E+04
+0.000000E+00,-2.333669E-10,0,+3.988208E+03,+2.150800E+04
+0.000000E+00,-2.400558E-10,0,+3.988290E+03,+2.150800E+04
+0.000000E+00,-2.218401E-10,0,+3.988377E+03,+2.150800E+04
+0.000000E+00,-2.024050E-10,0,+3.988466E+03,+2.150800E+04
+0.000000E+00,-2.203258E-10,0,+3.988548E+03,+2.150800E+04
+0.000000E+00,-2.191479E-10,0,+3.988629E+03,+2.150800E+04
+0.000000E+00,-2.176338E-10,0,+3.988712E+03,+2.150800E+04
+0.000000E+00,-1.891535E-10,0,+3.988794E+03,+2.150800E+04
+1.000000E-05,-9.214501E-11,-108524.59617726451,+3.988883E+03,+2.150800E+04
+1.000000E-05,-1.956741E-10,-51105.3839010886,+3.988971E+03,+2.150800E+04
+1.000000E-05,-1.637866E-10,-61055.05578600447,+3.989054E+03,+2.150800E+04
+1.000000E-05,-1.886487E-10,-53008.581559268634,+3.989137E+03,+2.150800E+04
+1.000000E-05,-1.838109E-10,-54403.73775439868,+3.989220E+03,+2.150800E+04
+1.000000E-05,-1.663528E-10,-60113.20518801007,+3.989310E+03,+2.150800E+04
+1.000000E-05,-1.234436E-10,-81008.65496469644,+3.989393E+03,+2.150800E+04
+1.000000E-05,-5.369286E-10,-18624.450252789666,+3.989476E+03,+2.150800E+04
+1.000000E-05,+7.051659E-10,14181.060088129618,+3.989560E+03,+2.150800E+04
+1.000000E-05,+1.731111E-10,57766.370845081576,+3.989643E+03,+2.150800E+04
+0.000000E+00,-1.675306E-10,0,+3.989730E+03,+2.150800E+04
+0.000000E+00,-2.859098E-10,0,+3.989818E+03,+2.150800E+04
+0.000000E+00,-2.273092E-10,0,+3.989900E+03,+2.150800E+04
+0.000000E+00,-2.819972E-10,0,+3.989982E+03,+2.150800E+04
+0.000000E+00,-7.986126E-11,0,+3.990064E+03,+2.150800E+04
+0.000000E+00,-2.453983E-10,0,+3.990146E+03,+2.150800E+04
+0.000000E+00,-2.050132E-10,0,+3.990232E+03,+2.150800E+04
+0.000000E+00,-2.411074E-10,0,+3.990314E+03,+2.150800E+04
+0.000000E+00,-2.268044E-10,0,+3.990396E+03,+2.150800E+04
+0.000000E+00,-2.683673E-10,0,+3.990479E+03,+2.150800E+04
+1.000000E-05,-2.149412E-10,-46524.351776206706,+3.990562E+03,+2.150800E+04
+1.000000E-05,-2.035828E-10,-49120.06318804929,+3.990653E+03,+2.150800E+04
+1.000000E-05,-2.277295E-10,-43911.74617254243,+3.990737E+03,+2.150800E+04
+1.000000E-05,-1.677831E-10,-59600.75836004938,+3.990821E+03,+2.150800E+04
+1.000000E-05,-1.836006E-10,-54466.052943182105,+3.990904E+03,+2.150800E+04
+1.000000E-05,-1.730416E-10,-57789.57198731404,+3.990986E+03,+2.150800E+04
+1.000000E-05,-1.694236E-10,-59023.654319705165,+3.991068E+03,+2.150800E+04
+1.000000E-05,-2.071585E-10,-48272.21668432626,+3.991156E+03,+2.150800E+04
+1.000000E-05,-1.690872E-10,-59141.08223449203,+3.991240E+03,+2.150800E+04
+1.000000E-05,-2.366903E-10,-42249.30214715179,+3.991323E+03,+2.150800E+04
