voltage,current,res,timestamp,statucode
+0.000000E+00,-2.314739E-10,0,+3.296642E+03,+2.150800E+04
+0.000000E+00,-2.262993E-10,0,+3.296731E+03,+2.150800E+04
+0.000000E+00,-2.215460E-10,0,+3.296813E+03,+2.150800E+04
+0.000000E+00,-2.162876E-10,0,+3.296897E+03,+2.150800E+04
+0.000000E+00,-2.268885E-10,0,+3.296979E+03,+2.150800E+04
+0.000000E+00,-2.263419E-10,0,+3.297066E+03,+2.150800E+04
+0.000000E+00,-2.342927E-10,0,+3.297154E+03,+2.150800E+04
+0.000000E+00,-2.248692E-10,0,+3.297235E+03,+2.150800E+04
+0.000000E+00,-2.361434E-10,0,+3.297318E+03,+2.150800E+04
+0.000000E+00,-2.284450E-10,0,+3.297400E+03,+2.150800E+04
+0.000000E+00,-2.291604E-10,0,+3.297483E+03,+2.150800E+04
+0.000000E+00,-2.255004E-10,0,+3.297570E+03,+2.150800E+04
+0.000000E+00,-2.244069E-10,0,+3.297652E+03,+2.150800E+04
+0.000000E+00,-2.247009E-10,0,+3.297734E+03,+2.150800E+04
+0.000000E+00,-2.227240E-10,0,+3.297816E+03,+2.150800E+04
+0.000000E+00,-2.215041E-10,0,+3.297904E+03,+2.150800E+04
+0.000000E+00,-2.198634E-10,0,+3.297993E+03,+2.150800E+04
+0.000000E+00,-2.163296E-10,0,+3.298075E+03,+2.150800E+04
+0.000000E+00,-2.122489E-10,0,+3.298159E+03,+2.150800E+04
+0.000000E+00,-2.277300E-10,0,+3.298241E+03,+2.150800E+04
+0.000000E+00,-2.205364E-10,0,+3.298327E+03,+2.150800E+04
+0.000000E+00,-2.229764E-10,0,+3.298410E+03,+2.150800E+04
+0.000000E+00,-2.172130E-10,0,+3.298492E+03,+2.150800E+04
+0.000000E+00,-2.114919E-10,0,+3.298575E+03,+2.150800E+04
+0.000000E+00,-2.274355E-10,0,+3.298658E+03,+2.150800E+04
+0.000000E+00,-2.264678E-10,0,+3.298745E+03,+2.150800E+04
+0.000000E+00,-2.334512E-10,0,+3.298829E+03,+2.150800E+04
+0.000000E+00,-2.241541E-10,0,+3.298912E+03,+2.150800E+04
+0.000000E+00,-2.291604E-10,0,+3.298994E+03,+2.150800E+04
+0.000000E+00,-2.279402E-10,0,+3.299077E+03,+2.150800E+04
+0.000000E+00,-2.243647E-10,0,+3.299165E+03,+2.150800E+04
+0.000000E+00,-2.242385E-10,0,+3.299248E+03,+2.150800E+04
+0.000000E+00,-2.194426E-10,0,+3.299330E+03,+2.150800E+04
+0.000000E+00,-2.311798E-10,0,+3.299413E+03,+2.150800E+04
+0.000000E+00,-2.224713E-10,0,+3.299495E+03,+2.150800E+04
+0.000000E+00,-2.631512E-10,0,+3.299583E+03,+2.150800E+04
+0.000000E+00,-2.242803E-10,0,+3.299669E+03,+2.150800E+04
+0.000000E+00,-2.325257E-10,0,+3.299752E+03,+2.150800E+04
+0.000000E+00,-2.080841E-10,0,+3.299834E+03,+2.150800E+04
+0.000000E+00,-2.046345E-10,0,+3.299917E+03,+2.150800E+04
+0.000000E+00,-2.123331E-10,-0.0,+3.300003E+03,+2.150800E+04
+0.000000E+00,-2.186854E-10,-0.0,+3.300084E+03,+2.150800E+04
+0.000000E+00,-2.266785E-10,-0.0,+3.300165E+03,+2.150800E+04
+0.000000E+00,-2.258370E-10,-0.0,+3.300245E+03,+2.150800E+04
+0.000000E+00,-2.219244E-10,-0.0,+3.300326E+03,+2.150800E+04
+0.000000E+00,-2.441365E-10,-0.0,+3.300411E+03,+2.150800E+04
+0.000000E+00,-2.522978E-10,-0.0,+3.300495E+03,+2.150800E+04
+0.000000E+00,-2.304643E-10,-0.0,+3.300580E+03,+2.150800E+04
+0.000000E+00,-2.197372E-10,-0.0,+3.300665E+03,+2.150800E+04
+0.000000E+00,-2.278982E-10,-0.0,+3.300750E+03,+2.150800E+04
+0.000000E+00,-2.206625E-10,-0.0,+3.300835E+03,+2.150800E+04
+0.000000E+00,-2.251219E-10,-0.0,+3.300920E+03,+2.150800E+04
+0.000000E+00,-2.268045E-10,-0.0,+3.301005E+03,+2.150800E+04
+0.000000E+00,-2.233972E-10,-0.0,+3.301090E+03,+2.150800E+04
+0.000000E+00,-2.307167E-10,-0.0,+3.301175E+03,+2.150800E+04
+0.000000E+00,-2.228082E-10,-0.0,+3.301260E+03,+2.150800E+04
+0.000000E+00,-2.199474E-10,-0.0,+3.301345E+03,+2.150800E+04
+0.000000E+00,-2.159508E-10,-0.0,+3.301430E+03,+2.150800E+04
+0.000000E+00,-2.312217E-10,-0.0,+3.301516E+03,+2.150800E+04
+0.000000E+00,-2.223450E-10,-0.0,+3.301601E+03,+2.150800E+04
+0.000000E+00,-2.234392E-10,-0.0,+3.301686E+03,+2.150800E+04
+0.000000E+00,-2.292864E-10,-0.0,+3.301771E+03,+2.150800E+04
+0.000000E+00,-2.435055E-10,-0.0,+3.301855E+03,+2.150800E+04
+0.000000E+00,-2.305484E-10,-0.0,+3.301940E+03,+2.150800E+04
+0.000000E+00,-2.320208E-10,-0.0,+3.302022E+03,+2.150800E+04
+0.000000E+00,-2.239441E-10,-0.0,+3.302102E+03,+2.150800E+04
+0.000000E+00,-2.161192E-10,-0.0,+3.302182E+03,+2.150800E+04
+0.000000E+00,-2.144364E-10,-0.0,+3.302271E+03,+2.150800E+04
+0.000000E+00,-2.237335E-10,-0.0,+3.302356E+03,+2.150800E+04
+0.000000E+00,-2.035832E-10,-0.0,+3.302441E+03,+2.150800E+04
+0.000000E+00,-2.172129E-10,-0.0,+3.302526E+03,+2.150800E+04
+0.000000E+00,-2.229764E-10,-0.0,+3.302612E+03,+2.150800E+04
+0.000000E+00,-2.272672E-10,-0.0,+3.302696E+03,+2.150800E+04
+0.000000E+00,-2.222190E-10,-0.0,+3.302781E+03,+2.150800E+04
+0.000000E+00,-2.141841E-10,-0.0,+3.302866E+03,+2.150800E+04
+0.000000E+00,-2.274354E-10,-0.0,+3.302951E+03,+2.150800E+04
