voltage,current,res,timestamp,statucode
+0.000000E+00,-2.900159E-11,0,+2.866608E+03,+2.150800E+04
+0.000000E+00,-2.513178E-11,0,+2.866691E+03,+2.150800E+04
+0.000000E+00,-3.350251E-11,0,+2.866780E+03,+2.150800E+04
+0.000000E+00,-2.248180E-11,0,+2.866866E+03,+2.150800E+04
+0.000000E+00,-2.954841E-11,0,+2.866948E+03,+2.150800E+04
+0.000000E+00,-2.748732E-11,0,+2.867030E+03,+2.150800E+04
+0.000000E+00,-2.773969E-11,0,+2.867112E+03,+2.150800E+04
+0.000000E+00,-3.030554E-11,0,+2.867199E+03,+2.150800E+04
+0.000000E+00,-2.828651E-11,0,+2.867283E+03,+2.150800E+04
+0.000000E+00,-2.921190E-11,0,+2.867366E+03,+2.150800E+04
+1.000000E-03,-5.432614E-11,-18407344.972420275,+2.867451E+03,+2.150800E+04
+1.000000E-03,-3.400733E-11,-29405425.242146328,+2.867534E+03,+2.150800E+04
+1.000000E-03,-3.207221E-11,-31179641.190925103,+2.867624E+03,+2.150800E+04
+1.000000E-03,-2.542623E-11,-39329464.10065511,+2.867708E+03,+2.150800E+04
+1.000000E-03,-3.451214E-11,-28975311.29625691,+2.867791E+03,+2.150800E+04
+1.000000E-03,-6.421210E-11,-15573388.816126555,+2.867874E+03,+2.150800E+04
+1.000000E-03,-4.056993E-11,-24648797.767213304,+2.867964E+03,+2.150800E+04
+1.000000E-03,-4.494497E-11,-22249430.80393646,+2.868054E+03,+2.150800E+04
+1.000000E-03,-1.844375E-11,-54218908.844459504,+2.868137E+03,+2.150800E+04
+1.000000E-03,-3.505903E-11,-28523321.951577097,+2.868220E+03,+2.150800E+04
+0.000000E+00,-2.227149E-11,0,+2.868305E+03,+2.150800E+04
+0.000000E+00,-7.266773E-11,0,+2.868394E+03,+2.150800E+04
+0.000000E+00,-2.454289E-11,0,+2.868479E+03,+2.150800E+04
+0.000000E+00,-3.438594E-11,0,+2.868561E+03,+2.150800E+04
+0.000000E+00,-2.837064E-11,0,+2.868645E+03,+2.150800E+04
+0.000000E+00,-4.069613E-11,0,+2.868728E+03,+2.150800E+04
+0.000000E+00,-4.271539E-11,0,+2.868816E+03,+2.150800E+04
+0.000000E+00,-4.183197E-11,0,+2.868898E+03,+2.150800E+04
+0.000000E+00,-2.450084E-11,0,+2.868981E+03,+2.150800E+04
+0.000000E+00,-2.572067E-11,0,+2.869064E+03,+2.150800E+04
+1.000000E-03,-1.835963E-11,-54467328.58995524,+2.869156E+03,+2.150800E+04
+1.000000E-03,-3.564798E-11,-28052080.370332345,+2.869243E+03,+2.150800E+04
+1.000000E-03,-2.302862E-11,-43424226.028307386,+2.869326E+03,+2.150800E+04
+1.000000E-03,-3.493282E-11,-28626374.85321826,+2.869408E+03,+2.150800E+04
+1.000000E-03,-2.185086E-11,-45764789.12042821,+2.869491E+03,+2.150800E+04
+1.000000E-03,-2.685636E-11,-37235127.91755845,+2.869581E+03,+2.150800E+04
+1.000000E-03,-2.609923E-11,-38315306.620156996,+2.869665E+03,+2.150800E+04
+1.000000E-03,-3.493282E-11,-28626374.85321826,+2.869748E+03,+2.150800E+04
+1.000000E-03,-2.904365E-11,-34430934.12845837,+2.869831E+03,+2.150800E+04
+1.000000E-03,-3.737276E-11,-26757456.50040297,+2.869914E+03,+2.150800E+04
+0.000000E+00,-3.093649E-11,0,+2.870004E+03,+2.150800E+04
+0.000000E+00,-2.227149E-11,0,+2.870093E+03,+2.150800E+04
+0.000000E+00,-4.107475E-11,0,+2.870176E+03,+2.150800E+04
+0.000000E+00,-2.807620E-11,0,+2.870259E+03,+2.150800E+04
+0.000000E+00,-2.773969E-11,0,+2.870341E+03,+2.150800E+04
+0.000000E+00,-1.983184E-11,0,+2.870429E+03,+2.150800E+04
+0.000000E+00,-2.336514E-11,0,+2.870520E+03,+2.150800E+04
+0.000000E+00,-2.201911E-11,0,+2.870602E+03,+2.150800E+04
+0.000000E+00,-3.657347E-11,0,+2.870684E+03,+2.150800E+04
+0.000000E+00,-2.643574E-11,0,+2.870767E+03,+2.150800E+04
+1.000000E-03,-3.203014E-11,-31220594.1029293,+2.870858E+03,+2.150800E+04
+1.000000E-03,-3.135712E-11,-31890683.838311683,+2.870946E+03,+2.150800E+04
+1.000000E-03,-2.887540E-11,-34631554.887551345,+2.871029E+03,+2.150800E+04
+1.000000E-03,-3.072617E-11,-32545546.678938508,+2.871111E+03,+2.150800E+04
+1.000000E-03,-3.354458E-11,-29811075.291447975,+2.871194E+03,+2.150800E+04
+1.000000E-03,-3.686795E-11,-27123829.776269093,+2.871283E+03,+2.150800E+04
+1.000000E-03,-2.795001E-11,-35778162.51228533,+2.871367E+03,+2.150800E+04
+1.000000E-03,-3.598452E-11,-27789727.36054281,+2.871449E+03,+2.150800E+04
+1.000000E-03,-2.424846E-11,-41239732.33764124,+2.871531E+03,+2.150800E+04
+1.000000E-03,-3.266116E-11,-30617406.117847625,+2.871615E+03,+2.150800E+04
+0.000000E+00,-1.650883E-11,0,+2.871705E+03,+2.150800E+04
+0.000000E+00,-3.085236E-11,0,+2.871788E+03,+2.150800E+04
+0.000000E+00,-2.458497E-11,0,+2.871871E+03,+2.150800E+04
+0.000000E+00,-2.685637E-11,0,+2.871953E+03,+2.150800E+04
+0.000000E+00,-4.090647E-11,0,+2.872036E+03,+2.150800E+04
+0.000000E+00,-2.916984E-11,0,+2.872124E+03,+2.150800E+04
+0.000000E+00,-3.005316E-11,0,+2.872208E+03,+2.150800E+04
+0.000000E+00,-2.942221E-11,0,+2.872291E+03,+2.150800E+04
+0.000000E+00,-3.055792E-11,0,+2.872373E+03,+2.150800E+04
+0.000000E+00,-2.916984E-11,0,+2.872455E+03,+2.150800E+04
+1.000000E-03,-3.758310E-11,-26607703.9946146,+2.872546E+03,+2.150800E+04
+1.000000E-03,-1.899059E-11,-52657658.34552798,+2.872630E+03,+2.150800E+04
+1.000000E-03,-3.964443E-11,-25224224.437077288,+2.872713E+03,+2.150800E+04
+1.000000E-03,-2.332307E-11,-42876002.17295579,+2.872796E+03,+2.150800E+04
+1.000000E-03,-3.177775E-11,-31468558.976013094,+2.872879E+03,+2.150800E+04
+1.000000E-03,-2.012627E-11,-49686305.51016159,+2.872968E+03,+2.150800E+04
+1.000000E-03,-3.303977E-11,-30266554.51899332,+2.873052E+03,+2.150800E+04
+1.000000E-03,-2.291500E-12,-436395374.20903337,+2.873135E+03,+2.150800E+04
+1.000000E-03,-3.198807E-11,-31261654.735656135,+2.873218E+03,+2.150800E+04
+1.000000E-03,-2.723493E-11,-36717553.524095714,+2.873301E+03,+2.150800E+04
+0.000000E+00,-3.081030E-11,0,+2.873389E+03,+2.150800E+04
+0.000000E+00,-2.046277E-11,0,+2.873471E+03,+2.150800E+04
+0.000000E+00,-1.074620E-11,0,+2.873553E+03,+2.150800E+04
+0.000000E+00,-2.656193E-11,0,+2.873635E+03,+2.150800E+04
+0.000000E+00,-2.626749E-11,0,+2.873718E+03,+2.150800E+04
+0.000000E+00,-2.496353E-11,0,+2.873806E+03,+2.150800E+04
+0.000000E+00,-2.933809E-11,0,+2.873889E+03,+2.150800E+04
+0.000000E+00,-3.947617E-11,0,+2.873971E+03,+2.150800E+04
+0.000000E+00,-1.966357E-11,0,+2.874053E+03,+2.150800E+04
+0.000000E+00,-2.374371E-11,0,+2.874135E+03,+2.150800E+04
+1.000000E-03,-2.058896E-11,-48569718.91732268,+2.874225E+03,+2.150800E+04
+1.000000E-03,-3.514317E-11,-28455031.233665034,+2.874309E+03,+2.150800E+04
+1.000000E-03,-1.966357E-11,-50855465.207996316,+2.874392E+03,+2.150800E+04
+1.000000E-03,-3.977065E-11,-25144170.386956207,+2.874476E+03,+2.150800E+04
+1.000000E-03,-2.694049E-11,-37118849.73138944,+2.874559E+03,+2.150800E+04
+1.000000E-03,-2.837064E-11,-35247706.78419662,+2.874646E+03,+2.150800E+04
+1.000000E-03,-3.085236E-11,-32412431.33426422,+2.874730E+03,+2.150800E+04
+1.000000E-03,-4.056993E-11,-24648797.767213304,+2.874813E+03,+2.150800E+04
+1.000000E-03,-1.583582E-11,-63147977.18084696,+2.874896E+03,+2.150800E+04
+1.000000E-03,-3.434387E-11,-29117277.69759203,+2.874979E+03,+2.150800E+04
+0.000000E+00,-3.278736E-11,0,+2.875068E+03,+2.150800E+04
+0.000000E+00,-2.824445E-11,0,+2.875152E+03,+2.150800E+04
+0.000000E+00,-1.713977E-11,0,+2.875234E+03,+2.150800E+04
+0.000000E+00,-3.876101E-11,0,+2.875317E+03,+2.150800E+04
+0.000000E+00,-1.713979E-11,0,+2.875399E+03,+2.150800E+04
+0.000000E+00,-4.389330E-11,0,+2.875488E+03,+2.150800E+04
+0.000000E+00,-1.486836E-11,0,+2.875571E+03,+2.150800E+04
+0.000000E+00,-3.619487E-11,0,+2.875653E+03,+2.150800E+04
+0.000000E+00,-2.302863E-11,0,+2.875741E+03,+2.150800E+04
+0.000000E+00,-3.775138E-11,0,+2.875829E+03,+2.150800E+04
+1.000000E-03,-3.573212E-11,-27986024.898606636,+2.875921E+03,+2.150800E+04
+1.000000E-03,-2.908571E-11,-34381144.55517847,+2.876005E+03,+2.150800E+04
+1.000000E-03,-4.385121E-11,-22804387.837872658,+2.876088E+03,+2.150800E+04
+1.000000E-03,-3.026348E-11,-33043126.56707028,+2.876171E+03,+2.150800E+04
+1.000000E-03,-3.977064E-11,-25144176.70925084,+2.876260E+03,+2.150800E+04
+1.000000E-03,-2.382782E-11,-41967750.301957965,+2.876344E+03,+2.150800E+04
+1.000000E-03,-3.312390E-11,-30189681.770564456,+2.876429E+03,+2.150800E+04
+1.000000E-03,-2.319688E-11,-43109245.72614938,+2.876512E+03,+2.150800E+04
+1.000000E-03,-3.177775E-11,-31468558.976013094,+2.876601E+03,+2.150800E+04
+1.000000E-03,-3.480662E-11,-28730166.847570952,+2.876690E+03,+2.150800E+04
+0.000000E+00,-2.807620E-11,0,+2.876775E+03,+2.150800E+04
+0.000000E+00,-4.456638E-11,0,+2.876857E+03,+2.150800E+04
+0.000000E+00,-2.963253E-11,0,+2.876940E+03,+2.150800E+04
+0.000000E+00,-3.640520E-11,0,+2.877029E+03,+2.150800E+04
+0.000000E+00,-2.782382E-11,0,+2.877113E+03,+2.150800E+04
+0.000000E+00,-3.892928E-11,0,+2.877196E+03,+2.150800E+04
+0.000000E+00,-2.542622E-11,0,+2.877279E+03,+2.150800E+04
+0.000000E+00,-2.660399E-11,0,+2.877361E+03,+2.150800E+04
+0.000000E+00,-2.647780E-11,0,+2.877449E+03,+2.150800E+04
+0.000000E+00,-3.190394E-11,0,+2.877532E+03,+2.150800E+04
+1.000000E-03,-3.232461E-11,-30936181.4419416,+2.877619E+03,+2.150800E+04
+1.000000E-03,-2.912778E-11,-34331486.98596323,+2.877703E+03,+2.150800E+04
+1.000000E-03,-2.656193E-11,-37647866.70245724,+2.877786E+03,+2.150800E+04
+1.000000E-03,-4.099060E-11,-24395837.094358217,+2.877875E+03,+2.150800E+04
+1.000000E-03,-1.941120E-11,-51516650.181338616,+2.877958E+03,+2.150800E+04
+1.000000E-03,-3.871894E-11,-25827153.32599498,+2.878041E+03,+2.150800E+04
+1.000000E-03,-2.782382E-11,-35940428.0217454,+2.878124E+03,+2.150800E+04
+1.000000E-03,-3.123093E-11,-32019539.603847854,+2.878207E+03,+2.150800E+04
+1.000000E-03,-4.048579E-11,-24700024.37892406,+2.878308E+03,+2.150800E+04
+1.000000E-03,-2.916984E-11,-34281984.40581094,+2.878391E+03,+2.150800E+04
+0.000000E+00,-3.106268E-11,0,+2.878476E+03,+2.150800E+04
+0.000000E+00,-2.887540E-11,0,+2.878573E+03,+2.150800E+04
+0.000000E+00,-3.236668E-11,0,+2.878656E+03,+2.150800E+04
+0.000000E+00,-3.602659E-11,0,+2.878738E+03,+2.150800E+04
+0.000000E+00,+6.373464E-12,0,+2.878821E+03,+2.150800E+04
+0.000000E+00,-3.678381E-11,0,+2.878903E+03,+2.150800E+04
+0.000000E+00,-2.071515E-11,0,+2.878989E+03,+2.150800E+04
+0.000000E+00,-3.421767E-11,0,+2.879073E+03,+2.150800E+04
+0.000000E+00,-2.067310E-11,0,+2.879156E+03,+2.150800E+04
+0.000000E+00,-1.596203E-11,0,+2.879238E+03,+2.150800E+04
+1.000000E-03,-1.814930E-11,-55098543.74548881,+2.879324E+03,+2.150800E+04
+1.000000E-03,-3.493283E-11,-28626366.658527236,+2.879411E+03,+2.150800E+04
+1.000000E-03,-1.861200E-11,-53728777.133032456,+2.879495E+03,+2.150800E+04
+1.000000E-03,-3.484869E-11,-28695483.24485081,+2.879578E+03,+2.150800E+04
+1.000000E-03,-2.795001E-11,-35778162.51228533,+2.879661E+03,+2.150800E+04
+1.000000E-03,-2.769763E-11,-36104172.089814186,+2.879744E+03,+2.150800E+04
+1.000000E-03,-2.445878E-11,-40885113.64835041,+2.879833E+03,+2.150800E+04
+1.000000E-03,-4.507118E-11,-22187127.11759488,+2.879917E+03,+2.150800E+04
+1.000000E-03,-2.138816E-11,-46754840.06104312,+2.879999E+03,+2.150800E+04
+1.000000E-03,-4.124300E-11,-24246538.80658536,+2.880081E+03,+2.150800E+04
+0.000000E+00,-2.222943E-11,0,+2.880166E+03,+2.150800E+04
+0.000000E+00,-4.061199E-11,0,+2.880253E+03,+2.150800E+04
+0.000000E+00,-2.328100E-11,0,+2.880337E+03,+2.150800E+04
+0.000000E+00,-3.404940E-11,0,+2.880420E+03,+2.150800E+04
+0.000000E+00,-3.716243E-11,0,+2.880503E+03,+2.150800E+04
+0.000000E+00,-2.134610E-11,0,+2.880585E+03,+2.150800E+04
+0.000000E+00,-3.358665E-11,0,+2.880673E+03,+2.150800E+04
+0.000000E+00,-2.176674E-11,0,+2.880756E+03,+2.150800E+04
+0.000000E+00,-2.689844E-11,0,+2.880839E+03,+2.150800E+04
+0.000000E+00,-2.921190E-11,0,+2.880922E+03,+2.150800E+04
+1.000000E-03,-6.534794E-11,-15302701.202210812,+2.881007E+03,+2.150800E+04
+1.000000E-03,-2.033659E-11,-49172452.21544025,+2.881095E+03,+2.150800E+04
+1.000000E-03,-3.930789E-11,-25440185.163843695,+2.881179E+03,+2.150800E+04
+1.000000E-03,-2.618336E-11,-38192195.34849615,+2.881261E+03,+2.150800E+04
+1.000000E-03,-3.110474E-11,-32149440.889073502,+2.881343E+03,+2.150800E+04
+1.000000E-03,-2.731906E-11,-36604480.53483539,+2.881426E+03,+2.150800E+04
