voltage,current,res,timestamp,statucode
+0.000000E+00,-2.908571E-11,0,+8.992070E+03,+2.150800E+04
+0.000000E+00,-2.399607E-11,0,+8.992161E+03,+2.150800E+04
+0.000000E+00,-2.967459E-11,0,+8.992252E+03,+2.150800E+04
+0.000000E+00,-2.828651E-11,0,+8.992336E+03,+2.150800E+04
+0.000000E+00,-2.925396E-11,0,+8.992419E+03,+2.150800E+04
+0.000000E+00,-3.097855E-11,0,+8.992502E+03,+2.150800E+04
+0.000000E+00,-2.782382E-11,0,+8.992590E+03,+2.150800E+04
+0.000000E+00,-3.350252E-11,0,+8.992673E+03,+2.150800E+04
+0.000000E+00,-1.432153E-11,0,+8.992756E+03,+2.150800E+04
+0.000000E+00,-3.299770E-11,0,+8.992838E+03,+2.150800E+04
+0.000000E+00,-3.425974E-11,0,+8.992926E+03,+2.150800E+04
+0.000000E+00,-3.409147E-11,0,+8.993014E+03,+2.150800E+04
+0.000000E+00,-2.954840E-11,0,+8.993097E+03,+2.150800E+04
+0.000000E+00,-2.710874E-11,0,+8.993180E+03,+2.150800E+04
+0.000000E+00,-2.904364E-11,0,+8.993265E+03,+2.150800E+04
+0.000000E+00,-2.971666E-11,0,+8.993356E+03,+2.150800E+04
+0.000000E+00,-2.752937E-11,0,+8.993441E+03,+2.150800E+04
+0.000000E+00,-2.635161E-11,0,+8.993533E+03,+2.150800E+04
+0.000000E+00,-3.043173E-11,0,+8.993616E+03,+2.150800E+04
+0.000000E+00,-2.748731E-11,0,+8.993705E+03,+2.150800E+04
+0.000000E+00,-3.152537E-11,0,+8.993791E+03,+2.150800E+04
+0.000000E+00,-2.778175E-11,0,+8.993873E+03,+2.150800E+04
+0.000000E+00,-3.316597E-11,0,+8.993956E+03,+2.150800E+04
+0.000000E+00,-3.379699E-11,0,+8.994039E+03,+2.150800E+04
+0.000000E+00,-2.908571E-11,0,+8.994126E+03,+2.150800E+04
+0.000000E+00,-3.535351E-11,0,+8.994209E+03,+2.150800E+04
+0.000000E+00,-2.677223E-11,0,+8.994291E+03,+2.150800E+04
+0.000000E+00,-2.891746E-11,0,+8.994374E+03,+2.150800E+04
+0.000000E+00,-2.841270E-11,0,+8.994457E+03,+2.150800E+04
+0.000000E+00,-3.224048E-11,0,+8.994545E+03,+2.150800E+04
+0.000000E+00,-2.719287E-11,0,+8.994631E+03,+2.150800E+04
+0.000000E+00,-2.761350E-11,0,+8.994714E+03,+2.150800E+04
+0.000000E+00,-3.232461E-11,0,+8.994797E+03,+2.150800E+04
+0.000000E+00,-4.090647E-11,0,+8.994883E+03,+2.150800E+04
+0.000000E+00,-1.882231E-11,0,+8.994974E+03,+2.150800E+04
+0.000000E+00,-3.001110E-11,0,+8.995057E+03,+2.150800E+04
+0.000000E+00,-3.089442E-11,0,+8.995142E+03,+2.150800E+04
+0.000000E+00,-3.215634E-11,0,+8.995228E+03,+2.150800E+04
+0.000000E+00,-3.379699E-11,0,+8.995315E+03,+2.150800E+04
+0.000000E+00,-3.127299E-11,0,+8.995400E+03,+2.150800E+04
+1.000000E-04,-2.525796E-11,-3959147.9280195236,+8.995491E+03,+2.150800E+04
+1.000000E-04,-2.980078E-11,-3355616.866404168,+8.995574E+03,+2.150800E+04
+1.000000E-04,-2.795001E-11,-3577816.2512285328,+8.995666E+03,+2.150800E+04
+1.000000E-04,-2.710875E-11,-3688845.852353945,+8.995758E+03,+2.150800E+04
+1.000000E-04,-2.647780E-11,-3776748.823542742,+8.995844E+03,+2.150800E+04
+1.000000E-04,-2.656193E-11,-3764786.6702457243,+8.995930E+03,+2.150800E+04
+1.000000E-04,-9.092530E-11,-1099803.904963745,+8.996016E+03,+2.150800E+04
+1.000000E-04,-4.048580E-11,-2470001.827801353,+8.996105E+03,+2.150800E+04
+1.000000E-04,-2.984285E-11,-3350886.3932231674,+8.996194E+03,+2.150800E+04
+1.000000E-04,-2.504765E-11,-3992390.503699948,+8.996280E+03,+2.150800E+04
+1.000000E-04,-2.887539E-11,-3463156.688100144,+8.996368E+03,+2.150800E+04
+1.000000E-04,-2.795001E-11,-3577816.2512285328,+8.996459E+03,+2.150800E+04
+1.000000E-04,-3.081030E-11,-3245667.8448440945,+8.996543E+03,+2.150800E+04
+1.000000E-04,-3.064204E-11,-3263490.289810992,+8.996627E+03,+2.150800E+04
+1.000000E-04,-2.222942E-11,-4498542.921947582,+8.996711E+03,+2.150800E+04
+1.000000E-04,-2.517384E-11,-3972377.6746018887,+8.996795E+03,+2.150800E+04
+1.000000E-04,-3.240875E-11,-3085586.454275466,+8.996886E+03,+2.150800E+04
+1.000000E-04,-3.051586E-11,-3276984.4926539836,+8.996972E+03,+2.150800E+04
+1.000000E-04,-2.862301E-11,-3493692.661952744,+8.997055E+03,+2.150800E+04
+1.000000E-04,-2.597303E-11,-3850147.6339110225,+8.997138E+03,+2.150800E+04
+1.000000E-04,-2.790794E-11,-3583209.652880148,+8.997222E+03,+2.150800E+04
+1.000000E-04,-2.622541E-11,-3813095.7723825863,+8.997311E+03,+2.150800E+04
+1.000000E-04,-2.971666E-11,-3365115.7296950603,+8.997400E+03,+2.150800E+04
+1.000000E-04,-2.660398E-11,-3758836.083924285,+8.997484E+03,+2.150800E+04
+1.000000E-04,-3.030554E-11,-3299726.7166333287,+8.997567E+03,+2.150800E+04
+1.000000E-04,-2.954840E-11,-3384277.998131879,+8.997658E+03,+2.150800E+04
+1.000000E-04,-3.270323E-11,-3057801.935772094,+8.997789E+03,+2.150800E+04
+1.000000E-04,-2.933809E-11,-3408538.1836377215,+8.997885E+03,+2.150800E+04
+1.000000E-04,-3.026348E-11,-3304312.656707028,+8.997974E+03,+2.150800E+04
+1.000000E-04,-2.445876E-11,-4088514.708022811,+8.998065E+03,+2.150800E+04
+1.000000E-04,-3.139918E-11,-3184796.545642275,+8.998148E+03,+2.150800E+04
+1.000000E-04,-3.169362E-11,-3155209.15565972,+8.998239E+03,+2.150800E+04
+1.000000E-04,-2.828651E-11,-3535254.0840139,+8.998336E+03,+2.150800E+04
+1.000000E-04,-3.085236E-11,-3241243.133426422,+8.998421E+03,+2.150800E+04
+1.000000E-04,-3.030554E-11,-3299726.7166333287,+8.998508E+03,+2.150800E+04
+1.000000E-04,-3.552178E-11,-2815174.2395792105,+8.998598E+03,+2.150800E+04
+1.000000E-04,-2.496353E-11,-4005843.724825776,+8.998686E+03,+2.150800E+04
+1.000000E-04,-3.661555E-11,-2731080.1012138287,+8.998769E+03,+2.150800E+04
+1.000000E-04,-2.807620E-11,-3561735.562504898,+8.998877E+03,+2.150800E+04
+1.000000E-04,-3.072617E-11,-3254554.667893851,+8.998973E+03,+2.150800E+04
+0.000000E+00,-3.118886E-11,0,+8.999057E+03,+2.150800E+04
+0.000000E+00,-2.567859E-11,0,+8.999143E+03,+2.150800E+04
+0.000000E+00,-2.643573E-11,0,+8.999231E+03,+2.150800E+04
+0.000000E+00,-2.243973E-11,0,+8.999319E+03,+2.150800E+04
+0.000000E+00,-2.584685E-11,0,+8.999401E+03,+2.150800E+04
+0.000000E+00,-3.005316E-11,0,+8.999484E+03,+2.150800E+04
+0.000000E+00,-2.004215E-11,0,+8.999568E+03,+2.150800E+04
+0.000000E+00,-2.706668E-11,0,+8.999656E+03,+2.150800E+04
+0.000000E+00,-3.421767E-11,0,+8.999744E+03,+2.150800E+04
+0.000000E+00,-2.769763E-11,0,+8.999833E+03,+2.150800E+04
+0.000000E+00,-3.480662E-11,0,+8.999916E+03,+2.150800E+04
+0.000000E+00,-2.933809E-11,0,+9.000005E+03,+2.150800E+04
+0.000000E+00,-3.274529E-11,0,+9.000094E+03,+2.150800E+04
+0.000000E+00,-2.816032E-11,0,+9.000176E+03,+2.150800E+04
+0.000000E+00,-3.005316E-11,0,+9.000259E+03,+2.150800E+04
+0.000000E+00,-3.308184E-11,0,+9.000342E+03,+2.150800E+04
+0.000000E+00,-3.392319E-11,0,+9.000430E+03,+2.150800E+04
+0.000000E+00,-3.165156E-11,0,+9.000518E+03,+2.150800E+04
+0.000000E+00,-2.559447E-11,0,+9.000602E+03,+2.150800E+04
+0.000000E+00,-2.630954E-11,0,+9.000684E+03,+2.150800E+04
+0.000000E+00,-2.921190E-11,0,+9.000766E+03,+2.150800E+04
+0.000000E+00,-3.135712E-11,0,+9.000854E+03,+2.150800E+04
+0.000000E+00,-2.988491E-11,0,+9.000943E+03,+2.150800E+04
+0.000000E+00,-3.194600E-11,0,+9.001026E+03,+2.150800E+04
+0.000000E+00,-2.593097E-11,0,+9.001107E+03,+2.150800E+04
+0.000000E+00,-2.912777E-11,0,+9.001189E+03,+2.150800E+04
+0.000000E+00,-3.316597E-11,0,+9.001277E+03,+2.150800E+04
+0.000000E+00,-2.870714E-11,0,+9.001366E+03,+2.150800E+04
+0.000000E+00,-4.019133E-11,0,+9.001448E+03,+2.150800E+04
+0.000000E+00,-2.959047E-11,0,+9.001532E+03,+2.150800E+04
+0.000000E+00,-3.358665E-11,0,+9.001619E+03,+2.150800E+04
+0.000000E+00,-2.845477E-11,0,+9.001708E+03,+2.150800E+04
+0.000000E+00,-3.148331E-11,0,+9.001795E+03,+2.150800E+04
+0.000000E+00,-3.211427E-11,0,+9.001877E+03,+2.150800E+04
+0.000000E+00,-2.916983E-11,0,+9.001960E+03,+2.150800E+04
+0.000000E+00,-3.169362E-11,0,+9.002057E+03,+2.150800E+04
+0.000000E+00,-3.236668E-11,0,+9.002143E+03,+2.150800E+04
+0.000000E+00,-2.399608E-11,0,+9.002226E+03,+2.150800E+04
+0.000000E+00,-2.614129E-11,0,+9.002312E+03,+2.150800E+04
+0.000000E+00,-2.504765E-11,0,+9.002405E+03,+2.150800E+04
+1.000000E-04,-3.076824E-11,-3250104.653369839,+9.002510E+03,+2.150800E+04
+1.000000E-04,-3.059998E-11,-3267975.992141172,+9.002601E+03,+2.150800E+04
+1.000000E-04,-3.051586E-11,-3276984.4926539836,+9.002691E+03,+2.150800E+04
+1.000000E-04,-2.963253E-11,-3374669.662023459,+9.002780E+03,+2.150800E+04
+1.000000E-04,-2.904364E-11,-3443094.5983354705,+9.002863E+03,+2.150800E+04
+1.000000E-04,-2.895952E-11,-3453095.907666978,+9.002947E+03,+2.150800E+04
+1.000000E-04,-2.912777E-11,-3433149.8772477265,+9.003042E+03,+2.150800E+04
+1.000000E-04,-3.287150E-11,-3042148.974035259,+9.003133E+03,+2.150800E+04
+1.000000E-04,-2.959047E-11,-3379466.4295633025,+9.003216E+03,+2.150800E+04
+1.000000E-04,-2.210323E-11,-4524225.644849192,+9.003302E+03,+2.150800E+04
+1.000000E-04,-2.942221E-11,-3398792.9526707884,+9.003390E+03,+2.150800E+04
+1.000000E-04,-2.874920E-11,-3478357.658647893,+9.003481E+03,+2.150800E+04
+1.000000E-04,-2.971666E-11,-3365115.7296950603,+9.003565E+03,+2.150800E+04
+1.000000E-04,-2.816032E-11,-3551096.0102726105,+9.003648E+03,+2.150800E+04
+1.000000E-04,-2.172466E-11,-4603063.983509984,+9.003732E+03,+2.150800E+04
+1.000000E-04,-3.299770E-11,-3030514.247962737,+9.003818E+03,+2.150800E+04
+1.000000E-04,-2.492146E-11,-4012606.003019085,+9.003906E+03,+2.150800E+04
+1.000000E-04,-2.984285E-11,-3350886.3932231674,+9.004004E+03,+2.150800E+04
+1.000000E-04,-2.736112E-11,-3654821.1476723175,+9.004092E+03,+2.150800E+04
+1.000000E-04,-3.257702E-11,-3069648.482273701,+9.004183E+03,+2.150800E+04
+1.000000E-04,-3.059998E-11,-3267975.992141172,+9.004272E+03,+2.150800E+04
+1.000000E-04,-2.971666E-11,-3365115.7296950603,+9.004357E+03,+2.150800E+04
+1.000000E-04,-2.803413E-11,-3567080.5550234662,+9.004484E+03,+2.150800E+04
+1.000000E-04,-2.799207E-11,-3572440.3375670323,+9.004575E+03,+2.150800E+04
+1.000000E-04,-2.736112E-11,-3654821.1476723175,+9.004657E+03,+2.150800E+04
+1.000000E-04,-2.782381E-11,-3594044.0938893706,+9.004741E+03,+2.150800E+04
+1.000000E-04,-2.959047E-11,-3379466.4295633025,+9.004826E+03,+2.150800E+04
+1.000000E-04,-3.253495E-11,-3073617.7556750514,+9.004915E+03,+2.150800E+04
+1.000000E-04,-3.434387E-11,-2911727.7697592033,+9.005002E+03,+2.150800E+04
+1.000000E-04,-2.757144E-11,-3626941.5017859065,+9.005094E+03,+2.150800E+04
+1.000000E-04,-3.047379E-11,-3281508.470065587,+9.005180E+03,+2.150800E+04
+1.000000E-04,-3.144124E-11,-3180536.136615477,+9.005270E+03,+2.150800E+04
+1.000000E-04,-2.782382E-11,-3594042.80217454,+9.005361E+03,+2.150800E+04
+1.000000E-04,-3.476456E-11,-2876492.6120163756,+9.005444E+03,+2.150800E+04
+1.000000E-04,-2.731906E-11,-3660448.053483539,+9.005528E+03,+2.150800E+04
+1.000000E-04,-2.879127E-11,-3473275.0587243983,+9.005609E+03,+2.150800E+04
+1.000000E-04,-2.673018E-11,-3741089.6597030023,+9.005693E+03,+2.150800E+04
+1.000000E-04,-2.980078E-11,-3355616.866404168,+9.005785E+03,+2.150800E+04
+1.000000E-04,-3.333424E-11,-2999918.40221946,+9.005869E+03,+2.150800E+04
+1.000000E-04,-2.795000E-11,-3577817.5313059036,+9.005953E+03,+2.150800E+04
+0.000000E+00,-3.089442E-11,0,+9.006044E+03,+2.150800E+04
